1328019371 0
1328211174 662
1328211865 646
1328212393 701
1328214660 776
1328310051 822
1328381576 840
1328563483 897
1328563604 887
1332372585 1431
1332374117 1138
1332541589 1599
1332612157 1613
1332877688 1320
1332877975 1509
1332878299 1513
1332878535 1513
1332878863 1513
1332879770 1513
1333135985 1602
1333212690 1603
1333401073 1705
1333402066 1691
1333808588 1775
1333820579 1811
1334082548 2026
1334173414 2474
1334523124 4335
1334696741 4464
1334795031 4834
1335041647 5877
1335042054 5624
1335224943 6275
1335395740 6678
